9361
5833
5385
1997
5144
180
970
4217
7466
8382
680
8373
6414
8357
3519
6658
3128
8409
6569
8827
5983
5606
7192
8419
5602
4163
8738
8848
7255
3626
6715
4776
2564
409
6569
9867
8610
1577
452
9105
2334
861
2013
9542
9601
4284
2561
418
643
1539
9949
6542
619
309
1396
308
9355
324
9711
726
42
5573
2629
4210
2049
1278
7483
1653
5482
5779
7533
2077
2005
690
1101
9715
5741
6540
5371
3993
4283
2981
1095
1776
4713
3981
4339
7342
2522
6016
5996
3262
7688
3067
4906
3383
1982
2432
7110
7522
2824
3628
7884
1542
3911
7607
4161
582
7337
5803
1494
6942
1864
4712
9502
5930
1633
3640
397
2888
7033
879
9633
222
923
7653
8181
4895
2133
3831
6531
9034
8612
1082
4586
7523
12
8386
7360
9686
3341
8946
5114
6602
4034
212
6762
3490
3964
1420
5817
5322
3182
7752
6453
1232
6922
459
1724
816
6797
4170
9545
1909
38
9222
2590
2285
7868
235
3427
7036
9153
4121
3358
3619
9809
8929
7188
4179
1808
7346
4255
3564
8563
6516
8849
6683
2077
500
6679
372
8637
9186
977
4332
9046
1480
4257
4170
3408
4636
8882
5103
9389
5671
2459
1955
2734
6279
6116
4642
646
1025
2312
8151
9135
3019
4700
5592
4764
6378
9903
2258
5919
2279
2211
4182
8492
6408
2123
4836
7086
4572
5732
2215
3417
7526
8825
3346
3023
7485
5441
5689
3478
2723
156
1859
922
1845
143
1133
4271
7347
7356
4019
4202
6657
7350
7963
3217
445
7827
9251
3263
1762
9778
4700
8749
5964
7967
8374
9885
972
2548
591
9753
9518
6435
3542
2780
9082
641
4485
7406
2248
9637
3742
182
8728
2594
4644
7275
2384
3185
7389
828
3895
7843
7511
417
7922
8341
5401
6433
3900
5845
1244
5365
9148
8899
5370
1933
9553
4380
5445
9121
3345
4755
59
619
1939
4096
120
1172
6137
7422
844
4267
2931
7776
8063
7133
9920
276
6099
5841
4933
299
2009
5428
4467
7175
2822
2901
9588
6101
3511
1889
4182
3661
450
2337
171
4568
7215
4626
7968
8866
8984
6438
9565
5680
701
6825
6365
4276
5450
1351
4239
6366
6941
4268
683
9365
6387
8572
4249
8806
7874
1860
7262
876
7404
7760
4345
4977
5682
6575
2029
6020
1719
7492
463
1452
3927
3870
6787
5484
6216
7338
721
5527
4256
5431
5358
4373
8167
1898
4569
6519
6350
4403
6371
6632
3952
4912
4114
2852
2200
2401
4824
7565
2275
5948
6559
6012
8711
7394
296
8149
7237
2705
9253
3054
9099
6139
3939
2353
8044
4199
8620
4287
7524
4103
1483
3032
4743
1882
2337
1209
377
6706
744
1285
9956
392
4758
8535
4645
7439
3893
2230
663
7494
8977
5242
773
1138
9761
7022
3674
4092
4905
951
3067
4758
6623
9588
9431
7892
1677
1319
3518
3305
3766
5139
9072
2239
6236
1989
6551
6027
2466
9560
6424
9040
5006
6644
3814
3315
5745
2279
4327
5791
1737
838
2651
6618
2007
454
986
1159
2461
3782
9086
5230
8522
1727
17
8505
8137
367
647
4400
486
6610
3295
279
9491
5603
4150
310
7163
2193
1517
6346
629
4837
7341
9146
4666
4419
5688
9340
362
7455
1473
4729
1996
5522
9262
9038
9109
5917
8381
3012
3083
7261
2293
2515
5018
5952
4638
8979
2711
9943
1140
1171
4595
2092
7896
1021
6754
454
359
1849
3180
3914
7535
4962
756
6708
8288
9286
3767
1911
9823
6001
2199
33
8817
1580
8441
850
7829
9858
7900
8879
5794
2980
5387
2
2004
7373
5541
9396
7905
9240
1291
9598
2753
9377
7561
9036
4653
1993
3768
8179
7511
2254
7667
853
507
4442
5353
6178
436
5467
8899
6993
2465
83
6263
2528
1514
2545
8956
9496
6238
9360
1038
900
5070
9566
6452
4739
9232
1039
1200
7276
5372
1571
7207
290
8315
8133
82
4376
1634
4774
8692
9686
8681
6394
6446
9117
7968
97
1743
6408
2116
5656
7503
8003
9359
1873
4893
2384
670
368
7959
8312
2567
1272
891
6319
2042
9750
3996
6139
1991
5963
3687
4230
6976
3120
2199
3010
2609
2805
3765
428
5613
7178
4500
2116
187
6322
2700
7948
3697
1221
9141
8655
9647
6821
3911
4325
9263
7523
6127
5956
4539
9202
9876
8072
1504
2604
7451
1238
834
2661
5544
6493
9040
3037
118
1007
3514
4921
4809
351
3584
1508
5809
9466
4092
1202
6578
1563
8098
9749
2546
3802
3703
2804
8371
3301
1424
7256
1474
6322
2205
2569
9950
9715
9094
713
2877
5163
4996
8895
8507
7616
8915
902
1605
161
5846
1079
8789
2698
2748
2021
8062
6214
6370
8135
5403
9412
9209
9547
8435
1805
8745
5721
9440
1541
4710
4982
1104
8864
9986
3146
1740
5175
8819
7444
5063
1179
6246
5100
1096
9802
5188
3833
6220
751
820
1941
5093
5006
3410
317
9544
560
9406
3453
9894
4668
6440
8988
1865
183
7995
7332
9266
3102
5735
2004
4528
6753
9091
5593
1939
6818
706
1979
2065
7694
566
8484
1145
7163
3123
3238
7511
5411
7301
1853
1240
2591
7076
5939
2654
2680
5463
4787
6502
1642
2647
1056
4311
9371
9574
4103
1038
634
3439
6081
9384
9419
7743
2942
2383
3762
5220
2047
1017
5741
5237
690
9597
1751
8259
4643
8008
6475
8527
8065
8447
2918
1388
8367
7462
2544
2581
4156
7072
11
9762
1365
696
1021
9719
5241
8287
3931
8190
8846
246
1959
183
4482
7903
8764
2172
6740
3967
9942
7482
8932
759
9223
6029
6072
1299
8040
5466
8497
8306
8349
4899
8654
7256
1388
2487
8991
5152
367
9992
5804
1350
2728
1569
8663
4212
6581
1544
6703
9771
9716
2320
8374
1444
1960
6722
1909
9111
6956
1437
783
2588
6455
1851
8836
1825
434
38
2551
2700
5942
2971
5153
1984
505
7453
3415
7237
1098
5181
1834
1699
8987
2729
1054
863
5471
2467